data;
# Nombre de sommets à couvrir (I)
param n := 12;
# Nombre de sommets atteignables (J)
param m := 8;
# Nombre de véhicules (L)
param l := 1;
# Capacité d'un véhicule
param Q := 200;
set I :=
1
2
3
4
5
6
7
8
9
10
11
12
;
set J :=
13
14
15
16
17
18
19
20
;
# Rayon de couverture d'un point atteignable (J)
param cmax := 1.50;
param : d :=
1 2
2 1
3 2
4 2
5 3
6 1
7 1
8 2
9 1
10 4
11 1
12 2
;
param : E : c := 
1 2 2.62
1 3 1.80
1 4 3.91
1 5 3.64
1 6 1.00
1 7 3.53
1 8 2.00
1 9 4.12
1 10 2.06
1 11 2.24
1 12 2.69
1 13 1.80
1 14 1.02
1 15 4.47
1 16 3.01
1 17 3.04
1 18 3.61
1 19 2.41
1 20 1.12
1 0 1.41
1 21 1.41
2 1 2.62
2 3 2.75
2 4 2.20
2 5 1.02
2 6 1.70
2 7 2.60
2 8 0.94
2 9 3.53
2 10 3.23
2 11 1.92
2 12 1.80
2 13 2.06
2 14 2.31
2 15 3.24
2 16 1.12
2 17 2.97
2 18 1.30
2 19 1.35
2 20 2.69
2 0 3.51
2 21 3.51
3 1 1.80
3 2 2.75
3 4 4.74
3 5 3.54
3 6 1.50
3 7 4.73
3 8 1.80
3 9 5.50
3 10 3.81
3 11 3.50
3 12 1.58
3 13 0.71
3 14 2.62
3 15 5.59
3 16 2.39
3 17 4.53
3 18 4.03
3 19 3.35
3 20 0.71
3 0 3.20
3 21 3.20
4 1 3.91
4 2 2.20
4 3 4.74
4 5 2.24
4 6 3.35
4 7 1.02
4 8 3.04
4 9 1.80
4 10 3.16
4 11 1.80
4 12 4.00
4 13 4.12
4 14 3.05
4 15 1.12
4 16 3.24
4 17 2.00
4 18 1.12
4 19 1.50
4 20 4.47
4 0 4.03
4 21 4.03
5 1 3.64
5 2 1.02
5 3 3.54
5 4 2.24
5 6 2.69
5 7 2.97
5 8 1.80
5 9 3.91
5 10 4.12
5 11 2.69
5 12 2.24
5 13 2.83
5 14 3.30
5 15 3.35
5 16 1.30
5 17 3.61
5 18 1.12
5 19 2.06
5 20 3.61
5 0 4.50
5 21 4.50
6 1 1.00
6 2 1.70
6 3 1.50
6 4 3.35
6 5 2.69
6 7 3.24
6 8 1.00
6 9 4.00
6 10 2.50
6 11 2.00
6 12 1.80
6 13 1.12
6 14 1.28
6 15 4.12
6 16 2.01
6 17 3.04
6 18 2.83
6 19 1.90
6 20 1.12
6 0 2.24
6 21 2.24
7 1 3.53
7 2 2.60
7 3 4.73
7 4 1.02
7 5 2.97
7 6 3.24
7 8 3.24
7 9 0.94
7 10 2.33
7 11 1.30
7 12 4.32
7 13 4.20
7 14 2.56
7 15 0.94
7 16 3.72
7 17 1.02
7 18 1.92
7 19 1.40
7 20 4.32
7 0 3.33
7 21 3.33
8 1 2.00
8 2 0.94
8 3 1.80
8 4 3.04
8 5 1.80
8 6 1.00
8 7 3.24
8 9 4.12
8 10 3.20
8 11 2.24
8 12 1.12
8 13 1.12
8 14 2.06
8 15 4.00
8 16 1.02
8 17 3.35
8 18 2.24
8 19 1.84
8 20 1.80
8 0 3.16
8 21 3.16
9 1 4.12
9 2 3.53
9 3 5.50
9 4 1.80
9 5 3.91
9 6 4.00
9 7 0.94
9 8 4.12
9 10 2.50
9 11 2.00
9 12 5.22
9 13 5.02
9 14 3.10
9 15 1.00
9 16 4.65
9 17 1.12
9 18 2.83
9 19 2.28
9 20 5.02
9 0 3.61
9 21 3.61
10 1 2.06
10 2 3.23
10 3 3.81
10 4 3.16
10 5 4.12
10 6 2.50
10 7 2.33
10 8 3.20
10 9 2.50
10 11 1.50
10 12 4.24
10 13 3.61
10 14 1.22
10 15 3.20
10 16 4.13
10 17 1.41
10 18 3.50
10 19 2.11
10 20 3.16
10 0 1.12
10 21 1.12
11 1 2.24
11 2 1.92
11 3 3.50
11 4 1.80
11 5 2.69
11 6 2.00
11 7 1.30
11 8 2.24
11 9 2.00
11 10 1.50
11 12 3.35
11 13 3.04
11 14 1.28
11 15 2.24
11 16 2.97
11 17 1.12
11 18 2.00
11 19 0.63
11 20 3.04
11 0 2.24
11 21 2.24
12 1 2.69
12 2 1.80
12 3 1.58
12 4 4.00
12 5 2.24
12 6 1.80
12 7 4.32
12 8 1.12
12 9 5.22
12 10 4.24
12 11 3.35
12 13 1.00
12 14 3.05
12 15 5.02
12 16 0.94
12 17 4.47
12 18 3.04
12 19 2.94
12 20 2.00
12 0 4.03
12 21 4.03
13 1 1.80
13 2 2.06
13 3 0.71
13 4 4.12
13 5 2.83
13 6 1.12
13 7 4.20
13 8 1.12
13 9 5.02
13 10 3.61
13 11 3.04
13 12 1.00
13 14 2.39
13 15 5.02
13 16 1.70
13 17 4.12
13 18 3.35
13 19 2.80
13 20 1.00
13 0 3.20
13 21 3.20
14 1 1.02
14 2 2.31
14 3 2.62
14 4 3.05
14 5 3.30
14 6 1.28
14 7 2.56
14 8 2.06
14 9 3.10
14 10 1.22
14 11 1.28
14 12 3.05
14 13 2.39
14 15 3.50
14 16 3.05
14 17 2.02
14 18 2.97
14 19 1.61
14 20 2.02
14 0 1.20
14 21 1.20
15 1 4.47
15 2 3.24
15 3 5.59
15 4 1.12
15 5 3.35
15 6 4.12
15 7 0.94
15 8 4.00
15 9 1.00
15 10 3.20
15 11 2.24
15 12 5.02
15 13 5.02
15 14 3.50
15 16 4.32
15 17 1.80
15 18 2.24
15 19 2.24
15 20 5.22
15 0 4.24
15 21 4.24
16 1 3.01
16 2 1.12
16 3 2.39
16 4 3.24
16 5 1.30
16 6 2.01
16 7 3.72
16 8 1.02
16 9 4.65
16 10 4.13
16 11 2.97
16 12 0.94
16 13 1.70
16 14 3.05
16 15 4.32
16 17 4.06
16 18 2.20
16 19 2.44
16 20 2.62
16 0 4.18
16 21 4.18
17 1 3.04
17 2 2.97
17 3 4.53
17 4 2.00
17 5 3.61
17 6 3.04
17 7 1.02
17 8 3.35
17 9 1.12
17 10 1.41
17 11 1.12
17 12 4.47
17 13 4.12
17 14 2.02
17 15 1.80
17 16 4.06
17 18 2.69
17 19 1.63
17 20 4.00
17 0 2.50
17 21 2.50
18 1 3.61
18 2 1.30
18 3 4.03
18 4 1.12
18 5 1.12
18 6 2.83
18 7 1.92
18 8 2.24
18 9 2.83
18 10 3.50
18 11 2.00
18 12 3.04
18 13 3.35
18 14 2.97
18 15 2.24
18 16 2.20
18 17 2.69
18 19 1.41
18 20 3.91
18 0 4.12
18 21 4.12
19 1 2.41
19 2 1.35
19 3 3.35
19 4 1.50
19 5 2.06
19 6 1.90
19 7 1.40
19 8 1.84
19 9 2.28
19 10 2.11
19 11 0.63
19 12 2.94
19 13 2.80
19 14 1.61
19 15 2.24
19 16 2.44
19 17 1.63
19 18 1.41
19 20 3.01
19 0 2.72
19 21 2.72
20 1 1.12
20 2 2.69
20 3 0.71
20 4 4.47
20 5 3.61
20 6 1.12
20 7 4.32
20 8 1.80
20 9 5.02
20 10 3.16
20 11 3.04
20 12 2.00
20 13 1.00
20 14 2.02
20 15 5.22
20 16 2.62
20 17 4.00
20 18 3.91
20 19 3.01
20 0 2.50
20 21 2.50
0 1 1.41
0 2 3.51
0 3 3.20
0 4 4.03
0 5 4.50
0 6 2.24
0 7 3.33
0 8 3.16
0 9 3.61
0 10 1.12
0 11 2.24
0 12 4.03
0 13 3.20
0 14 1.20
0 15 4.24
0 16 4.18
0 17 2.50
0 18 4.12
0 19 2.72
0 20 2.50
0 21 0.00
21 1 1.41
21 2 3.51
21 3 3.20
21 4 4.03
21 5 4.50
21 6 2.24
21 7 3.33
21 8 3.16
21 9 3.61
21 10 1.12
21 11 2.24
21 12 4.03
21 13 3.20
21 14 1.20
21 15 4.24
21 16 4.18
21 17 2.50
21 18 4.12
21 19 2.72
21 20 2.50
21 0 0.00
;
end;
